1627363163,13
1627363169,7
1627363174,8
1627363185,4
1627363190,3
1627363196,3
1627363274,3
1627363320,3
1627363367,2
1627363382,2
1627363413,2
1627363444,2
1627363475,2
1627363506,2
1627363521,2
1627363552,2
1627363599,3
1627363676,3
1627363707,3
1627363722,3
1627363768,3
1627363784,3
1627363799,3
1627363846,3
1627363877,3
1627363969,3
1627363985,3
1627364000,3
1627364031,3
1627364046,3
1627364062,3
1627364077,3
1627364093,3
1627364100,3
1627364112,5
1627364117,6
1627364122,6
1627364139,6
1627364150,3
1627364156,7
1627364198,3
1627364214,3
1627364229,3
1627364245,3
1627364266,1
1627364271,21
1627364277,2
1627364282,0
1627364308,3
1627364324,3
1627364370,3
1627364417,7
1627364422,11
1627364433,8
1627364444,6
1627364449,8
1627364455,10
1627364460,11
1627364466,2
1627364497,3
1627364512,3
1627364528,3
1627364589,3
1627364603,10
1627364608,9
1627364630,4
1627364647,33
1627364652,37
1627364657,30
1627364663,7
1627364668,0
1627364685,45
1627364690,35
1627364696,39
1627364718,0
1627364723,3
1627364728,24
1627364756,46
1627364761,35
1627364766,36
1627364777,0
1627364783,0
1627364788,30
1627364799,31
1627364826,33
1627364832,35
1627364837,19
1627364842,18
1627364853,0
1627364870,26
1627364880,18
1627364897,20
1627364908,4
1627364913,0
1627364924,0
1627364950,9
1627364955,23
1627364977,43
1627364983,28
1627364993,44
1627365004,32
1627365021,39
1627365032,43
1627365037,27
1627365053,9
1627365059,24
1627365075,0
1627365102,42
1627365113,28
1627365146,14
1627365151,44
1627365157,40
1627365168,45
1627365173,33
1627365179,41
1627365184,46
1627365206,0
1627365217,0
1627365222,23
1627365228,25
1627365233,0
1627365255,0
1627365260,0
1627365288,40
1627365298,44
1627365304,42
1627365320,30
1627365337,27
1627365347,31
1627365358,30
1627365364,22
1627365386,36
1627365397,40
1627365402,41
1627365413,43
1627365418,45
1627365424,29
1627365451,13
1627365468,0
1627365473,0
1627365479,0
1627365495,0
1627365500,0
1627365511,0
1627365538,0
1627365549,0
1627365566,0
1627365577,14
1627365582,17
1627365604,0
1627365615,3
1627365626,3
1627365631,3
1627365637,3
1627365646,10
1627365662,19
1627365668,38
1627365678,21
1627365695,38
1627365711,26
1627365717,30
1627365722,31
1627365738,11
1627365744,0
1627365755,0
1627365760,20
1627365766,13
1627365771,0
1627365782,42
1627365804,12
1627365815,32
1627365820,0
1627365825,25
1627365831,34
1627365847,15
1627365858,15
1627365869,14
1627365886,0
1627365891,0
1627365896,34
1627365903,41
1627365907,33
1627365918,34
1627365924,0
1627365934,28
1627365940,29
1627365951,25
1627365978,19
1627365983,28
1627365989,19
1627366005,29
1627366027,23
1627366032,28
1627366038,32
1627366043,20
1627366049,11
1627366081,3
1627366118,8
1627366139,3
1627366150,3
1627366156,3
1627366202,3
1627366248,3
1627366264,7
1627366275,23
1627366292,5
1627366297,4
1627366302,8
1627366324,5
1627366346,0
1627366368,18
1627366378,13
1627366384,15
1627366400,31
1627366406,33
1627366411,43
1627366417,40
1627366422,29
1627366439,29
1627366444,23
1627366449,0
1627366465,3
1627366473,10
1627366479,7
1627366484,3
1627366505,7
1627366510,5
1627366516,7
1627366563,3
1627366594,3
1627366640,4
1627366656,4
1627366671,4
1627366702,4
1627366718,4
1627366764,4
1627366810,3
1627366841,3
1627366857,3
1627366872,3
1627366903,6
1627366918,5
1627367027,5
1627367057,9
1627367119,9
1627367134,8
1627367165,3
1627367212,2
1627367227,3
1627367258,3
1627367289,3
1627367304,2
1627367351,3
1627367366,2
1627367382,2
1627367413,2
1627367443,2
1627367459,2
1627367505,2
1627367521,2
1627367567,3
1627367582,3
1627367613,3
1627367628,3
1627367659,3
1627367675,3
1627367690,3
1627367798,2
1627367829,2
1627367845,2
1627367860,2
1627367875,2
1627367891,3
1627367937,3
1627367953,2
1627367968,3
1627367999,2
1627368014,3
1627368030,3
1627368045,3
1627368061,3
1627368076,2
1627368107,2
1627368123,2
1627368138,3
1627368169,2
1627368184,2
1627368200,2
1627368215,2
1627368308,3
1627368323,2
1627368385,2
1627368401,2
1627368431,3
1627368524,2
1627368539,2
1627368555,2
1627368570,2
1627368586,3
1627368616,3
1627368632,3
1627368647,3
1627368709,2
1627368740,2
1627368771,2
1627368786,2
1627368817,2
1627368833,2
1627368863,3
1627368879,3
1627368910,3
1627368925,2
1627368941,2
1627368956,2
1627368987,2
1627369003,2
1627369018,2
1627369034,2
1627369049,2
1627369065,3
1627369095,3
1627369142,2
1627369157,2
1627369204,2
1627369219,2
1627369235,2
1627369265,2
1627369327,3
1627369358,3
1627369404,2
1627369435,2
1627369451,2
1627369466,2
1627369482,2
1627369492,4
1627369497,2
1627369505,3
1627369515,3
1627369529,4
1627369534,3
1627369540,3
1627369551,2
1627369573,5
1627369594,1
1627369626,2
1627369673,2
1627369688,2
1627369750,2
1627369765,2
1627369796,2
1627369858,2
1627369874,2
1627369904,2
1627369920,15
1627369935,0
1627369966,4
1627370048,2
1627370063,2
1627370110,2
1627370156,2
1627370172,2
1627370280,2
1627370311,2
1627370388,2
1627370403,2
1627370435,2
1627370450,2
1627370471,6
1627370476,6
1627370482,7
1627370492,23
1627370498,21
1627370503,14
1627370509,0
1627370514,2
1627370520,7
1627370536,0
1627370541,0
1627370552,0
1627370569,0
1627370574,2
1627370579,2
1627370595,2
1627370623,2
1627370628,8
1627370634,2
1627370639,1
1627370650,1
1627370655,3
1627370661,4
1627370666,5
1627370678,10
1627370684,0
1627370689,9
1627370706,0
1627370717,25
1627370722,0
1627370728,0
1627370733,32
1627370738,0
1627370749,0
1627370791,2
1627370802,0
1627370807,28
1627370824,20
1627370835,18
1627370841,0
1627370851,2
1627370866,2
1627370877,24
1627370883,33
1627370888,0
1627370899,0
1627370905,2
1627370910,2
1627370921,36
1627370930,39
1627370948,15
1627370970,18
1627370986,19
1627370992,18
1627371013,2
1627371019,8
1627371030,0
1627371035,0
1627371041,15
1627371051,24
1627371057,32
1627371073,1
1627371079,22
1627371084,12
1627371090,22
1627371095,9
1627371106,14
1627371133,0
1627371144,0
1627371149,2
1627371201,2
1627371223,24
1627371239,3
1627371250,16
1627371255,0
1627371266,12
1627371272,40
1627371277,35
1627371283,28
1627371294,19
1627371321,19
1627371337,19
1627371343,21
1627371348,20
1627371354,14
1627371365,3
1627371370,12
1627371375,6
1627371392,0
1627371414,0
1627371430,0
1627371441,0
1627371452,2
1627371457,0
1627371463,7
1627371468,1
1627371473,0
1627371484,0
1627371495,2
1627371506,10
1627371511,30
1627371517,35
1627371522,26
1627371539,2
1627371565,2
1627371576,0
1627371581,27
1627371592,23
1627371598,39
1627371609,2
1627371636,31
1627371641,16
1627371685,21
1627371707,20
1627371712,13
1627371718,7
1627371723,14
1627371745,11
1627371778,11
1627371783,12
1627371789,0
1627371794,0
1627371818,9
1627371834,9
1627371839,0
1627371861,2
1627371866,2
1627371872,2
1627371887,2
1627371898,9
1627371903,28
1627371909,33
1627371920,9
1627371931,0
1627371941,8
1627371947,12
1627371958,12
1627371963,17
1627371969,17
1627371980,0
1627371985,1
1627371990,35
1627371996,26
1627372001,0
1627372012,2
1627372018,0
1627372023,2
1627372029,0
1627372034,11
1627372039,2
1627372684,0
1627372690,0
1627372700,2
1627372745,7
1627372750,0
1627372756,31
1627372772,17
1627372805,20
1627372843,1
1627372848,4
1627372864,2
1627372881,16
1627372886,16
1627372897,0
1627372918,2
1627372928,7
1627372939,16
1627372950,22
1627372961,0
1627372967,2
1627373002,7
1627373007,3
1627373013,2
1627373050,2
1627373050,2
1627373055,4
1627373061,2
1627373076,2
1627373092,2
1627373123,2
1627373220,2
1627373225,2
1627373225,2
1627373246,2
1627373261,2
1627373323,2
1627373339,2
1627373354,2
1627373385,2
1627373401,2
1627373416,2
1627373431,2
1627373447,2
1627373478,2
1627373493,2
1627373524,2
1627373539,2
1627373616,2
1627373632,2
1627373699,3
1627373704,0
1627373715,8
1627373727,2
1627373732,2
1627373742,2
1627373758,2
1627373804,2
1627373809,10
1627373847,16
1627373858,0
1627373864,0
1627373869,0
1627373891,0
1627373902,52
1627373908,0
1627373918,30
1627373929,51
1627373940,43
1627373956,0
1627373962,38
1627373967,38
1627373973,40
1627373978,42
1627373994,41
1627374011,0
1627374016,0
1627374038,30
1627374049,48
1627374065,21
1627374076,50
1627374087,32
1627374114,16
1627374136,0
1627374141,0
1627374152,44
1627374163,30
1627374174,31
1627374184,0
1627374190,25
1627374195,0
1627374206,0
1627374212,0
1627374233,0
1627374250,24
1627374266,47
1627374293,0
1627374310,0
1627374315,24
1627374342,19
1627374353,34
1627374358,0
1627374364,33
1627374369,49
1627374385,47
1627374402,47
1627374413,7
1627374418,36
1627374429,32
1627374440,6
1627374456,0
1627374467,42
1627374472,44
1627374483,49
1627374499,40
1627374505,41
1627374510,43
1627374516,24
1627374532,0
1627374543,0
1627374549,0
1627374554,0
1627374565,0
1627374570,0
1627374587,0
1627374597,0
1627374608,15
1627374614,9
1627374619,29
1627374630,0
1627374641,0
1627374646,0
1627374657,2
1627374663,2
1627374678,2
1627374709,2
1627374717,12
1627374723,3
1627374739,32
1627374744,32
1627374750,16
1627374755,50
1627374766,45
1627374771,51
1627374777,41
1627374788,46
1627374804,21
1627374815,23
1627374820,0
1627374826,32
1627374836,23
1627374853,16
1627374869,0
1627374875,16
1627374891,0
1627374902,27
1627374907,46
1627374913,20
1627374934,46
1627374945,38
1627374951,0
1627374962,29
1627374980,36
1627374983,20
1627375000,0
1627375016,27
1627375027,1
1627375038,15
1627375049,2
1627375068,5
1627375073,2
1627375088,2
1627375119,2
1627375150,2
1627375166,2
1627375212,2
1627375227,2
1627375305,2
1627375382,2
1627375397,2
1627375428,2
1627375459,2
1627375490,2
1627375552,2
1627375567,2
1627375583,2
1627375614,2
1627375660,2
1627375675,2
1627375722,1
1627375737,2
1627375753,2
1627375814,2
1627375829,2
1627375845,2
1627375891,2
1627375907,2
1627375922,2
1627375938,2
1627375953,1
1627375984,2
1627376015,2
1627376185,2
1627376200,2
1627376231,2
1627376262,2
1627376308,2
1627376339,1
1627376370,2
1627376432,2
1627376463,2
1627376478,2
1627376572,2
1627376578,3
1627376594,3
1627376605,4
1627376636,2
1627376651,2
1627376667,2
1627376713,2
1627376744,2
1627376787,2
1627376806,2
1627376823,2
1627376898,2
1627376914,1
1627376929,2
1627376945,2
1627376975,2
1627377023,2
1627377037,2
1627377053,2
1627377068,2
1627377083,2
1627377145,2
1627377161,2
1627377222,1
1627377238,1
1627377253,2
1627377269,2
1627377315,2
1627377330,2
1627377361,2
1627377377,2
1627377454,2
1627377546,2
1627377562,1
1627377577,2
1627377593,2
1627377608,2
1627377624,2
1627377655,2
1627377686,2
1627377747,1
1627377778,2
1627377794,1
1627377813,2
1627377840,1
1627377855,2
1627377871,2
1627377902,2
1627377963,2
1627377979,2
1627377994,2
1627378025,2
1627378040,2
1627378056,1
1627378071,2
1627378087,2
1627378118,2
1627378149,1
1627378164,2
1627378195,2
1627378303,2
1627378334,2
1627378411,2
1627378426,2
1627378442,1
1627378464,2
1627378480,2
1627378510,2
1627378526,2
1627378541,2
1627378572,2
1627378587,2
1627378618,2
1627378665,2
1627378682,2
1627378696,1
1627378727,1
1627378742,1
1627378788,1
1627378804,1
1627378820,1
1627378850,2
1627378866,2
1627378939,2
1627378949,8
1627378991,2
1627379037,1
1627379053,1
1627379068,1
1627379099,1
1627379115,1
1627379161,1
1627379176,1
1627379207,1
1627379238,1
1627379284,1
1627379300,2
1627379315,1
1627379331,2
1627379346,2
1627379454,1
1627379500,2
1627379531,2
1627379562,2
1627379578,2
1627379608,2
1627379639,2
1627379670,1
1627379685,1
1627379717,1
1627379747,1
1627379778,1
1627379793,1
1627379809,1
1627379824,1
1627379917,2
1627379994,2
1627380025,2
1627380056,1
1627380071,1
1627380164,2
1627380195,2
1627380210,2
1627380241,2
1627380272,2
1627380287,1
1627380302,2
1627380333,2
1627380364,2
1627380380,2
1627380395,1
1627380410,2
1627380426,1
1627380441,2
1627380472,2
1627380488,2
1627380503,2
1627380580,2
1627380596,2
1627380627,2
1627380688,2
1627380704,1
1627380734,2
1627380781,2
1627380827,2
1627380858,2
1627380889,2
1627380904,2
1627380920,2
1627380961,2
1627380972,6
1627380994,4
1627380999,3
1627381021,2
1627381052,2
1627381082,2
1627381098,2
1627381113,2
1627381129,2
1627381160,2
1627381221,2
1627381252,2
1627381268,2
1627381283,2
1627381345,2
1627381360,2
1627381407,2
1627381468,2
1627381484,2
1627381515,2
1627381530,2
1627381546,2
1627381561,2
1627381577,2
1627381638,2
1627381654,2
1627381669,2
1627381762,2
1627381793,2
1627381870,2
1627381886,2
1627381917,2
1627381932,2
1627381963,2
1627381978,2
1627382009,2
1627382040,2
1627382086,2
1627382102,2
1627382117,2
1627382164,2
1627382210,2
1627382225,2
1627382287,2
1627382303,2
1627382330,2
1627382377,2
1627382393,2
1627382438,2
1627382454,2
1627382469,2
1627382547,2
1627382562,2
1627382593,1
1627382670,2
1627382732,2
1627382763,2
1627382778,2
1627382871,2
1627382886,2
1627382932,2
1627382948,2
1627382963,2
1627382979,2
1627382994,2
1627383010,2
1627383025,2
1627383071,2
1627383087,2
1627383118,2
1627383133,2
1627383149,2
1627383164,2
1627383195,2
1627383334,2
1627383349,2
1627383426,2
1627383457,1
1627383488,2
1627383504,1
1627383565,2
1627383627,1
1627383642,2
1627383673,1
1627383704,1
1627383766,2
1627383797,2
1627383813,2
1627383869,8
1627383874,5
1627383885,1
1627383890,2
1627383896,4
1627383901,4
1627383912,2
1627383949,2
1627383965,2
1627383981,2
1627384011,2
1627384026,2
1627384088,2
1627384103,2
1627384150,2
1627384196,2
1627384212,2
1627384227,2
1627384242,2
1627384258,2
1627384304,4
1627384382,2
1627384397,2
1627384459,2
1627384474,2
1627384489,2
1627384510,0
1627384522,13
1627384526,0
1627384531,3
1627384537,0
1627384542,16
1627384548,32
1627384553,26
1627384564,0
1627384569,0
1627384607,1
1627384637,38
1627384642,21
1627384648,0
1627384653,0
1627384664,20
1627384669,0
1627384675,0
1627384686,39
1627384691,18
1627384700,7
1627384724,13
1627384740,17
1627384767,14
1627384778,9
1627384789,9
1627384806,0
1627384811,0
1627384816,26
1627384822,0
1627384827,1
1627384838,9
1627384855,16
1627384860,31
1627384893,8
1627384898,21
1627384903,25
1627384914,5
1627384931,40
1627384936,34
1627384942,25
1627384947,18
1627384985,20
1627384991,0
1627384996,15
1627385001,0
1627385007,0
1627385012,0
1627385017,0
1627385045,0
1627385061,0
1627385066,0
1627385077,0
1627385088,0
1627385099,2
1627385105,2
1627385134,27
1627385139,30
1627385145,21
1627385150,0
1627385188,10
1627385194,20
1627385237,0
1627385253,22
1627385308,24
1627385324,9
1627385330,16
1627385341,17
1627385352,15
1627385357,13
1627385362,28
1627385368,10
1627385379,9
1627385395,9
1627385400,7
1627385411,8
1627385422,11
1627385433,23
1627385439,15
1627385444,1
1627385455,13
1627385460,0
1627385477,16
1627385487,11
1627385498,37
1627385504,20
1627385509,1
1627385520,16
1627385526,18
1627385537,4
1627385547,0
1627385558,26
1627385564,33
1627385569,26
1627385580,0
1627385604,2
1627385620,2
1627386953,21
1627386970,0
1627386975,11
1627386986,13
1627386991,10
1627386997,2
1627387007,0
1627387051,5
1627387056,0
1627387062,2
1627387067,2
1627387084,18
1627387089,8
1627387111,2
1627387117,0
1627387166,2
1627387212,2
1627387313,7
1627387318,6
1627387335,1
1627387350,1
1627387365,2
1627387381,2
1627387396,2
1627387427,2
1627387473,2
1627387504,1
1627387562,2
1627387575,11
1627387580,4
1627387591,6
1627387607,5
1627387612,0
1627387623,2
1627392148,0
1627392179,0
1627392301,0
1627392362,0
1627392482,2
1627392493,1
1627392503,5
1627392509,2
1627393007,3
1627393012,5
1627393018,0
1627393042,4
1627393056,2
1627393071,2
1627393102,2
1627393129,2
1627393144,2
1627393160,2
1627393175,2
1627393237,2
1627393314,2
1627393361,2
1627393376,2
1627393407,2
1627393438,2
1627393453,2
1627393484,2
1627393577,2
1627393608,2
1627393623,2
1627393669,2
1627393699,3
1627393710,9
1627393726,5
1627393741,10
1627393746,14
1627393751,11
1627393762,0
1627393768,0
1627393773,4
1627393794,2
1627393809,2
1627393825,2
1627393871,2
1627393887,2
1627393902,2
1627393959,8
1627393964,3
1627393970,2
1627393975,15
1627393986,5
1627393997,3
1627394002,18
1627394024,6
1627394046,2
1627394061,2
1627394077,2
1627394108,2
1627394114,17
1627394120,38
1627394125,2
1627394156,2
1627394177,18
1627394188,18
1627394204,20
1627394226,20
1627394242,2
1627394279,2
1627394341,2
1627394356,2
1627394414,3
1627394419,14
1627394425,33
1627394430,55
1627394436,54
1627394441,1
1627394446,37
1627394457,42
1627394468,35
1627394474,33
1627394479,49
1627394485,52
1627394496,28
1627394501,41
1627394528,2
1627394534,2
1627394539,2
1627394545,38
1627394577,0
1627394599,2
1627394615,2
1627394646,2
1627394677,2
1627394685,14
1627394691,8
1627394701,25
1627394718,35
1627394729,0
1627394734,30
1627394739,8
1627394750,2
1627394766,2
1627394772,2
1627394777,2
1627394818,37
1627394823,43
1627394828,45
1627394839,32
1627394845,31
1627394861,0
1627394872,0
1627394878,0
1627394883,0
1627394888,0
1627394910,2
1627394921,0
1627394927,15
1627394932,2
1627394937,41
1627394948,38
1627394965,36
1627394970,33
1627395003,28
1627395025,23
1627395046,35
1627395062,32
1627395079,27
1627395095,16
1627395117,0
1627395122,0
1627395149,36
1627395155,24
1627395177,39
1627395182,0
1627395198,0
1627395204,0
1627395220,2
1627395229,13
1627395241,22
1627395246,0
1627395252,34
1627395257,24
1627395274,39
1627395290,41
1627395340,0
1627395340,0
1627395340,0
1627395340,18
1627395340,0
1627395344,42
1627395350,25
1627395371,0
1627395377,0
1627395382,0
1627395387,35
1627395393,26
1627395404,0
1627395409,0
1627395431,1
1627395442,20
1627395453,0
1627395458,0
1627395463,0
1627395474,32
1627395480,37
1627395491,45
1627395507,46
1627395518,0
1627395524,43
1627395535,15
1627395540,0
1627395545,37
1627395551,34
1627395556,39
1627395573,0
1627395578,0
1627395594,21
1627395611,31
1627395616,0
1627395622,1
1627395654,41
1627395665,23
1627395670,26
1627395697,1
1627395703,7
1627395708,11
1627395719,3
1627395730,4
1627395741,5
1627395752,8
1627395757,7
1627395763,9
1627395773,7
1627395784,11
1627395822,15
1627395839,25
1627395845,23
1627395852,8
1627395855,0
1627395885,0
1627395912,0
1627395912,0
1627395914,2
1627395930,2
1627395944,0
1627395955,0
1627395961,2
1627395983,0
1627395983,0
1627395994,0
1627396021,12
1627396022,11
1627396027,8
1627396032,21
1627396038,12
1627396108,12
1627396110,2
1627396147,2
1627396162,2
1627396270,2
1627396301,2
1627396348,2
1627396394,2
1627396425,2
1627396456,2
1627396472,2
1627396487,2
1627396518,2
1627396564,2
1627396579,2
1627396595,2
1627396610,2
1627396626,2
1627396641,2
1627396688,2
1627396765,2
1627396780,2
1627396811,2
1627396827,2
1627396842,2
1627396857,2
1627396904,2
1627396919,2
1627396950,2
1627396996,2
1627397027,2
1627397055,12
1627397140,5
1627397140,2
1627397152,1
1627397175,2
1627397234,2
1627397255,2
1627397274,2
1627397291,7
1627397340,2
1627397359,2
1627397377,2
1627397399,2
1627397421,2
1627397439,1
1627397453,2
1627397505,2
1627397526,2
1627397569,2
1627398963,4
1627398964,2
1627398965,2
1627399022,0
1627399022,3
1627399022,2
1627399025,2
1627399056,2
1627399087,2
1627399118,2
1627399133,2
1627399149,2
1627399179,2
1627399225,2
1627399241,2
1627399256,2
1627399287,9
1627399303,7
1627399318,4
1627399349,3
1627399365,3
1627399380,3
1627399456,1
1627399456,2
1627399470,6
1627399478,7
1627399480,3
1627399491,7
1627399496,10
1627399502,4
1627399524,17
1627399534,21
1627399540,21
1627399556,0
1627399567,0
1627399578,3
1627399583,0
1627399588,8
1627399594,2
1627399600,2
1627399616,2
1627399621,6
1627399627,3
1627399637,2
1627399654,2
1627399674,2
1627399721,2
1627399737,2
1627399750,1
1627399765,2
1627399777,2
1627399784,2
1627399791,2
1627399805,2
1627399823,2
1627399844,1
1627399850,1
1627399855,1
1627399861,1
1627399866,0
1627399888,13
1627399893,1
1627399921,0
1627399926,11
1627399937,7
1627399942,10
1627399948,3
1627399970,10
1627399975,11
1627399986,2
1627399991,0
1627399997,0
1627400013,2
1627400024,9
1627400029,5
1627400035,0
1627400040,2
1627400071,2
1627400099,9
1627400109,5
1627400147,1
1627400153,2
1627400158,0
1627400169,18
1627400174,21
1627400191,27
1627400218,34
1627400229,17
1627400234,11
1627400240,0
1627400245,0
1627400250,2
1627400285,7
1627400295,2
1627400312,17
1627400323,6
1627400334,20
1627400345,0
1627400356,0
1627400361,38
1627400372,21
1627400383,4
1627400388,20
1627400394,8
1627400405,6
1627400410,1
1627400421,0
1627400426,1
1627400437,13
1627400442,24
1627400459,11
1627400464,0
1627400475,0
1627400486,11
1627400502,8
1627400513,9
1627400524,0
1627400535,9
1627400541,6
1627400546,1
1627400552,11
1627400562,6
1627400568,9
1627400573,9
1627400579,2
1627400584,15
1627400606,2
1627400611,10
1627400617,0
1627400644,14
1627400649,9
1627400671,1
1627400688,2
1627400699,2
1627472153,10
1627472180,10
1627472190,13
1627472201,11
1627472212,17
1627472218,8
1627472228,10
1627472234,12
1627472239,12
1627472245,9
1627472250,1
1627472256,16
1627472261,10
1627472272,1
1627472283,0
1627472288,2
1627472311,2
1627472327,2
1627472358,2
1627472373,2
1627472384,9
1627472389,1
1627472416,6
1627472422,0
1627472427,0
1627472433,7
1627472438,2
1627472444,3
1627472470,1
1627472481,0
1627472486,2
1627472492,3
1627472497,2
1627472503,5
1627472519,4
1627472525,3
1627472530,3
1627472541,2
1627475199,15
1627475205,20
1627475215,27
1627475221,26
1627475237,0
1627475259,20
1627475297,16
1627475314,16
1627475319,5
1627475324,4
1627475346,2
1627475363,3
1627475368,3
1627475406,2
1627475468,2
1627475484,2
1627475497,8
1627475502,8
1627475508,5
1627475513,3
1627475519,2
1627475534,2
1627475550,2
1627475565,2
1627475581,2
1627475596,2
1627475627,2
1627475643,2
1627475658,2
1627475689,2
1627475722,5
1627475727,0
1627475732,12
1627487863,2
1627487894,2
1627487910,2
1627487941,2
1627487956,2
1627487987,2
1627488003,2
1627488049,2
1627488080,2
1627488111,2
1627488172,2
1627488188,2
1627488203,2
1627488219,2
1627488265,2
1627488296,2
1627488311,2
1627488327,2
1627488342,2
1627488358,2
1627488373,2
1627488419,2
1627488435,2
1627488450,2
1627488466,2
1627488481,2
1627488512,2
1627488527,2
1627488589,2
1627488697,2
1627488713,2
1627488743,2
1627488759,2
1627488805,2
1627488821,2
1627488836,2
1627488852,2
1627488867,2
1627488898,2
1627488929,2
1627489006,2
1627489037,2
1627489084,2
1627489114,2
1627489130,2
1627489145,2
1627489180,4
1627489203,3
1627489208,3
1627489229,3
1627489246,4
1627489256,4
1627489283,2
1627489344,2
1627489382,3
1627489393,2
1627489469,2
1627489500,2
1627489531,2
1627489557,0
1627489568,1
1627489584,0
1627489601,26
1627489606,1
1627489617,0
1627489622,0
1627489633,2
1627489638,0
1627489649,19
1627489655,20
1627489666,18
1627489671,13
1627489715,2
1627489730,6
1627489752,24
1627489773,42
1627489779,28
1627489795,0
1627489801,2
1627489806,2
1627489811,8
1627489817,31
1627489822,0
1627489844,29
1627489850,34
1627489861,29
1627489871,15
1627489882,19
1627489904,0
1627489909,0
1627489920,2
1627489926,24
1627489931,29
1627489947,38
1627489969,39
1627489975,41
1627489980,0
1627489985,23
1627490007,29
1627490013,19
1627490034,11
1627490040,18
1627490045,16
1627490051,10
1627490062,25
1627490078,0
1627490089,27
1627490105,17
1627490111,10
1627490122,16
1627490127,10
1627490132,19
1627490138,25
1627490149,10
1627490160,0
1627490165,0
1627490192,26
1627490214,0
1627490219,0
1627490225,8
1627490230,0
1627490247,24
1627490269,36
1627490290,35
1627490296,38
1627490323,27
1627490328,27
1627490334,29
1627490350,0
1627490361,0
1627490372,0
1627490383,2
1627490389,2
1627490419,2
1627490440,29
1627490446,19
1627490456,42
1627490467,35
1627490478,0
1627490489,1
1627490536,2
1627490580,0
1627490597,0
1627490602,15
1627490608,40
1627490613,38
1627490619,26
1627490640,2
1627490690,1
1627490726,2
1627490737,29
1627490748,0
1627490753,35
1627490759,1
1627490770,35
1627490781,0
1627490791,22
1627490797,41
1627490802,50
1627490813,46
1627490819,44
1627490835,34
1627490841,46
1627490846,46
1627490852,47
1627490868,53
1627490879,37
1627490884,29
1627490890,21
1627490896,30
1627490901,32
1627490906,19
1627490917,3
1627490928,20
1627490955,3
1627490961,0
1627490966,0
1627490972,0
1627490994,0
1627490999,2
1627491032,41
1627491037,46
1627491048,0
1627491054,6
1627491059,1
1627491065,2
1627491112,21
1627491123,31
1627491129,0
1627491134,43
1627491139,53
1627491150,0
1627491177,2
1627491223,2
1627491228,26
1627491234,0
1627491256,29
1627491360,2
1627491376,2
1627491391,2
1627491410,5
1627491416,2
1627491432,10
1627491444,2
1627491450,5
1627491457,6
1627491462,3
1627491467,22
1627491478,20
1627491484,13
1627491489,1
1627491500,7
1627491506,4
1627491516,5
1627491522,2
1627491527,3
1627491533,3
1627491544,3
1627491549,5
1627491587,4
1627491593,1
1627491604,0
1627491615,1
1627491626,2
1627491631,6
1627491636,3
1627491647,11
1627491653,11
1627491658,10
1627491664,9
1627491675,3
1627491686,8
1627491696,7
1627491707,0
1627491713,0
1627491718,0
1627491724,0
1627491735,0
1627491740,0
1627491782,2
1627491797,2
1627491824,8
1627491840,1
1627491857,2
1627491872,2
1627491918,2
1627491980,2
1627492026,2
1627492042,2
1627492057,2
1627492103,2
1627492134,2
1627492242,2
1627492273,2
1627492320,2
1627492351,2
1627492366,2
1627492397,2
1627492412,2
1627492428,2
1627492443,2
1627492489,2
1627492520,2
1627492535,2
1627492551,2
1627492582,2
1627492597,2
1627492613,2
1627492628,2
1627492644,2
1627492659,2
1627492675,2
1627492690,2
1627492706,2
1627492721,2
1627492752,2
1627492767,2
1627492783,2
1627492798,2
1627492830,2
1627492860,2
1627492876,2
1627492891,2
1627492906,2
1627492953,2
1627493015,2
1627493030,2
1627493061,2
1627493076,2
1627493086,9
1627493091,0
1627493104,8
1627493115,2
1627493121,4
1627493135,2
1627493155,10
1627493186,1
1627493202,3
1627493217,2
1627493233,3
1627493264,3
1627493279,2
1627493294,2
1627493325,3
1627493372,3
1627493433,3
1627493511,3
1627493557,1
1627493573,1
1627493588,1
1627493665,3
1627493711,2
1627493727,4
1627493742,4
1627493758,3
1627493773,3
1627493789,2
1627493850,3
1627493897,2
1627493912,2
1627493933,4
1627493938,11
1627493960,3
1627493971,8
1627493977,9
1627493982,5
1627493988,2
1627494004,2
1627494019,2
1627494035,2
1627494050,2
1627494066,2
1627494081,2
1627494174,2
1627494189,2
1627494204,2
1627494251,2
1627494266,2
1627494282,2
1627494297,2
1627494312,2
1627494328,2
1627494390,8
1627494421,7
1627494498,2
1627494529,2
1627494544,2
1627494560,2
1627494575,2
1627494602,0
1627494607,0
1627494624,10
1627494635,3
1627494640,3
1627494656,3
1627494662,4
1627494667,0
1627494683,3
1627494694,2
1627494705,2
1627494720,1
1627494767,1
1627494813,2
1627494859,2
1627494967,2
1627495044,1
1627495075,2
1627495091,1
1627495137,2
1627495168,2
1627495183,2
1627495216,21
1627495222,31
1627495227,0
1627495238,14
1627495244,13
1627495249,0
1627495254,0
1627495260,2
1627495265,29
1627495271,0
1627495314,0
1627495325,33
1627495341,18
1627495347,24
1627495352,20
1627495357,24
1627495374,17
1627495396,12
1627495401,11
1627495412,17
1627495417,3
1627495428,9
1627495434,0
1627495439,14
1627495450,0
1627495455,0
1627495472,0
1627495483,0
1627495499,0
1627495505,0
1627495521,24
1627495526,25
1627495548,14
1627495564,13
1627495570,9
1627495575,18
1627495591,0
1627495625,8
1627495636,0
1627495641,5
1627495658,0
1627495663,21
1627495685,0
1627495701,24
1627495707,0
1627495712,27
1627495717,34
1627495728,27
1627495739,25
1627495755,20
1627495761,0
1627495777,0
1627495783,0
1627495788,17
1627495799,0
1627495810,0
1627495826,2
1627495845,13
1627495866,20
1627495872,21
1627495883,14
1627495888,24
1627495894,14
1627495899,0
1627495905,0
1627495910,0
1627495916,0
1627495921,0
1627495927,0
1627495937,38
1627495948,25
1627495954,13
1627495965,0
1627495970,1
1627495981,2
1627495992,2
1627495997,2
1627496003,17
1627496014,54
1627496025,50
1627496036,0
1627496042,0
1627496052,29
1627496058,9
1627496063,5
1627496079,12
1627496085,8
1627496091,23
1627496112,4
1627496118,4
1627496134,0
1627496151,2
1627496156,2
1627496180,28
1627496191,31
1627496202,0
1627496260,0
1627496276,36
1627496287,0
1627496292,0
1627496298,0
1627496309,0
1627496341,33
1627496369,11
1627496374,8
1627496379,22
1627496385,28
1627496396,12
1627496401,1
1627496407,6
1627496412,10
1627496417,29
1627496428,0
1627496439,2
1627496456,2
1627496483,29
1627496494,31
1627496510,0
1627496521,16
1627496526,13
1627496532,0
1627496537,0
1627496574,2
1627496589,1
1627496605,2
1627496620,2
1627496632,8
1627496643,1
1627496648,1
1627496654,2
1627497226,10
1627497231,3
1627497286,7
1627497352,1
1627497383,1
1627497429,1
1627497444,1
1627497460,1
1627497475,1
1627497502,3
1627497524,8
1627497530,12
1627497541,3
1627497552,2
1627519755,2
1627519770,2
1627519785,2
1627519801,2
1627519832,2
1627519850,4
1627519855,3
1627519871,2
1627519923,4
1627519959,2
1627519990,2
1627520021,2
1627520052,2
1627520067,2
1627520098,2
1627520113,2
1627520175,3
1627520206,3
1627520252,2
1627520267,3
1627520314,3
1627520329,3
1627520345,2
1627520360,3
1627520376,3
1627520406,3
1627520422,3
1627520453,2
1627520468,3
1627520484,3
1627520514,3
1627520546,2
1627520623,2
1627520638,2
1627520683,3
1627520688,3
1627520710,8
1627520721,3
1627520732,6
1627520768,2
1627520783,2
1627520830,10
1627520841,11
1627520846,10
1627520857,2
1627520863,5
1627520993,6
1627520998,2
1627521004,2
1627521009,6
1627521036,7
1627521042,2
1627521057,2
1627521126,8
1627521132,0
1627521143,0
1627521148,0
1627521159,9
1627521164,10
1627521170,5
1627521175,20
1627521219,3
1627521234,2
1627521240,5
1627521245,11
1627521256,21
1627521267,34
1627521272,23
1627521283,2
1627521299,25
1627521321,3
1627521364,9
1627521380,25
1627521386,32
1627521408,28
1627521413,26
1627521419,27
1627521424,29
1627521429,38
1627521440,26
1627521457,41
1627521467,40
1627521473,37
1627521478,45
1627521484,43
1627521489,43
1627521495,45
1627521500,0
1627521506,33
1627521511,21
1627521522,0
1627521533,18
1627521560,0
1627521571,0
1627521576,27
1627521609,1
1627521620,20
1627521631,37
1627521641,25
1627521658,20
1627521663,17
1627521669,22
1627521674,7
1627521685,0
1627521690,0
1627521696,0
1627521701,0
1627521712,22
1627521723,35
1627521728,22
1627521733,25
1627521739,34
1627521750,32
1627521766,7
1627521772,13
1627521793,22
1627521810,28
1627521831,19
1627521837,16
1627521842,10
1627521875,2
1627521881,2
1627521936,12
1627521963,24
1627521985,21
1627521990,23
1627522006,21
1627522012,30
1627522023,31
1627522028,34
1627522034,35
1627522050,35
1627522061,31
1627522066,31
1627522071,27
1627522082,27
1627522088,30
1627522100,43
1627522104,42
1627522120,39
1627522131,0
1627522142,0
1627522159,0
1627522170,32
1627522197,20
1627522202,24
1627522213,24
1627522218,23
1627522224,15
1627522240,0
1627522262,0
1627522278,0
1627522284,0
1627522289,0
1627522300,2
1627522305,2
1627522336,2
1627522364,16
1627522380,16
1627522386,0
1627522397,32
1627522402,35
1627522408,28
1627522413,39
1627522429,30
1627522435,24
1627522445,35
1627522451,19
1627522462,0
1627522473,1
1627522495,34
1627522500,29
1627522516,39
1627522522,32
1627522527,28
1627522533,40
1627522538,41
1627522565,23
1627522571,0
1627522582,0
1627522587,0
1627522614,0
1627522620,0
1627522625,0
1627522641,3
1627522652,3
1627522658,38
1627522663,25
1627522674,31
1627522679,26
1627522685,3
1627522690,19
1627522701,0
1627522717,3
1627522733,2
1627522762,6
1627522768,10
1627522784,5
1627522790,11
1627522795,2
1627522811,2
1627522826,2
1627522842,2
1627522857,2
1627522878,12
1627522889,0
1627522895,21
1627522900,9
1627522905,8
1627522922,0
1627522927,0
1627522933,12
1627522971,4
1627522976,5
1627523014,0
1627523025,3
1627523031,7
1627523036,11
1627523042,10
1627523047,12
1627523053,11
1627523063,11
1627523085,8
1627523091,8
1627523096,9
1627523112,4
1627523118,5
1627523123,4
1627523139,4
1627523150,7
1627523198,2
1627523214,9
1627523225,6
1627523231,8
1627523239,2
1627523254,2
1627523270,2
1627523332,2
1627523347,2
1627523378,2
1627523393,2
1627523424,2
1627523455,2
1627523470,2
1627523486,2
1627523501,2
1627523548,2
1627523579,2
1627523594,2
1627523610,2
1627523625,2
1627523640,2
1627523718,2
1627523733,2
1627523810,2
1627523841,2
1627523872,2
1627523887,2
1627523903,2
1627523908,2
1627523960,2
1627523991,2
1627524006,2
1627524052,2
1627524068,2
1627524083,2
1627524114,2
1627524129,2
1627524145,2
1627524160,2
1627524176,2
1627524191,2
1627524237,2
1627524253,2
1627524361,2
1627524376,2
1627524392,2
1627524407,2
1627524422,2
1627524464,3
1627524469,4
1627524480,2
1627524486,3
1627524491,4
1627524497,7
1627524508,4
1627524565,3
1627524581,9
1627524596,2
1627524627,3
1627524658,3
1627524673,2
1627524689,2
1627524735,2
1627524781,2
1627524797,2
1627524812,2
1627524843,2
1627524874,2
1627524905,2
1627524936,2
1627524951,2
1627524997,2
1627525121,2
1627525136,2
1627525152,2
1627525183,2
1627525198,2
1627525213,2
1627525244,2
1627525275,2
1627525321,2
1627525337,2
1627525352,2
1627525383,2
1627525399,2
1627525414,2
1627525429,2
1627525491,2
1627525615,2
1627525630,2
1627525661,2
1627525676,2
1627525707,2
1627525753,2
1627525784,2
1627525799,2
1627525861,2
1627525892,2
1627525907,2
1627525938,2
1627525954,2
1627526062,2
1627526139,2
1627526154,2
1627526170,2
1627526185,2
1627526200,2
1627526231,2
1627526262,2
1627526371,3
1627526386,1
1627526401,1
1627526417,1
1627526432,2
1627526463,2
1627526509,2
1627526571,1
1627526587,1
1627526618,1
1627526633,2
1627526648,1
1627526664,3
1627526726,2
1627526788,2
1627526819,3
1627526850,3
1627526880,2
1627526942,2
1627526958,1
1627526973,2
1627527004,2
1627527019,2
1627527035,2
1627527050,2
1627527096,2
1627527173,5
1627527179,9
1627527190,4
1627527201,9
1627527206,2
1627527217,3
1627527228,7
1627527234,4
1627527250,5
1627527261,7
1627527271,2
1627527277,3
1627527282,4
1627527299,1
1627527309,11
1627527315,4
1627527320,2
1627527326,3
1627527331,1
1627527358,2
1627527374,2
1627527420,2
1627527451,2
1627527482,2
1627527498,2
1627527513,2
1627527528,2
1627527636,2
1627527683,2
1627527698,2
1627527714,2
1627527729,2
1627527744,2
1627527806,2
1627527852,14
1627527857,3
1627527868,3
1627527879,11
1627527890,9
1627527922,1
1627527937,1
1627527953,1
1627527971,2
1627527976,6
1627527997,2
1627528003,3
1627528031,7
1627528043,1
1627528059,21
1627528064,21
1627528075,14
1627528092,0
1627528097,1
1627528146,0
1627528157,23
1627528162,31
1627528168,22
1627528206,0
1627528222,15
1627528228,3
1627528233,19
1627528238,0
1627528244,13
1627528259,22
1627528260,5
1627528277,25
1627528304,0
1627528314,24
1627528320,31
1627528331,22
1627528347,13
1627528353,14
1627528358,12
1627528369,15
1627528385,13
1627528402,6
1627528418,12
1627528423,12
1627528428,12
1627528434,6
1627528439,19
1627528445,21
1627528461,24
1627528483,0
1627528488,0
1627528499,0
1627528505,36
1627528510,14
1627528537,17
1627528542,7
1627528548,14
1627528553,14
1627528559,6
1627528564,5
1627528586,18
1627528591,12
1627528596,4
1627528607,0
1627528613,2
1627528618,2
1627528649,2
1627528665,6
1627528681,0
1627528692,37
1627528697,28
1627528713,14
1627528719,10
1627528762,11
1627528778,13
1627528784,17
1627528795,21
1627528800,7
1627528806,0
1627528822,12
1627528827,7
1627528833,11
1627528849,11
1627528866,11
1627528877,18
1627528882,11
1627528887,19
1627528893,14
1627528898,6
1627528915,12
1627528920,11
1627528931,12
1627528947,13
1627528958,17
1627528964,13
1627528975,20
1627528981,14
1627528985,22
1627528991,18
1627528996,12
1627529013,11
1627529034,0
1627529040,0
1627529045,0
1627529051,0
1627529056,0
1627529063,0
1627529067,0
1627529072,0
1627529078,2
1627529089,2
1627529104,4
1627529110,30
1627529126,25
1627529131,0
1627529137,37
1627529142,22
1627529153,18
1627529158,13
1627529175,0
1627529180,0
1627529228,2
1627529273,4
1627529283,2
1627529290,8
1627529301,1
1627529331,2
1627529347,2
1627529362,2
1627529377,9
1627529383,0
1627529394,10
1627529399,2
1627529405,2
1627529451,2
1627529482,1
1627529528,1
1627529590,1
1627529683,1
1627529732,2
1627529744,4
1627529754,3
1627529760,2
1627529776,3
1627542451,0
1627542512,0
1627542543,0
1627542634,0
1627542754,3
1627542800,3
1627542831,3
1627542846,2
1627542862,2
1627542939,2
1627542970,2
1627542985,2
1627543000,2
1627543047,2
1627543093,2
1627543140,2
1627543186,2
1627543217,2
1627543232,2
1627543247,2
1627543263,2
1627543278,2
1627543309,2
1627543325,2
1627543386,2
1627543402,2
1627543417,2
1627543448,8
1627543464,2
1627543510,2
1627543541,2
1627543587,2
1627543602,2
1627543618,2
1627543633,2
1627543695,2
1627543710,2
1627543726,2
1627543757,3
1627543772,3
1627543787,2
1627543803,2
1627543818,2
1627543911,2
1627543942,2
1627543972,2
1627544003,2
1627544019,2
1627544034,2
1627544080,2
1627544096,2
1627544111,2
1627544157,2
1627544188,2
1627544219,2
1627544250,2
1627544265,2
1627544285,4
1627544313,8
1627544324,4
1627544357,8
1627544368,3
1627544383,2
1627544414,2
1627544429,2
1627544445,2
1627544460,2
1627544505,2
1627544510,0
1627544521,13
1627544605,2
1627544621,2
1627544651,5
1627544657,4
1627544662,5
1627544673,4
1627544678,4
1627544690,6
1627544696,4
1627544712,3
1627544717,4
1627544723,3
1627544738,2
1627544769,2
1627544785,2
1627544800,2
1627544831,2
1627544846,2
1627544862,2
1627544877,2
1627544893,2
1627544908,2
1627544924,2
1627545001,2
1627545016,2
1627545027,2
1627545032,11
1627545038,10
1627545064,2
1627545095,2
1627545110,2
1627545172,2
1627545185,10
1627545191,10
1627545196,11
1627545213,8
1627545240,0
1627545245,22
1627545256,2
1627545267,0
1627545272,1
1627545289,22
1627545294,21
1627545299,40
1627545316,10
1627545321,18
1627545332,19
1627545338,5
1627545348,0
1627545354,2
1627545359,2
1627545365,2
1627545375,3
1627545402,25
1627545408,28
1627545419,24
1627545424,22
1627545435,44
1627545440,35
1627545446,2
1627545477,2
1627545513,15
1627545524,38
1627545535,50
1627545540,40
1627545551,44
1627545557,44
1627545567,39
1627545584,37
1627545594,46
1627545611,28
1627545616,0
1627545622,21
1627545638,19
1627545643,0
1627545660,0
1627545665,17
1627545671,21
1627545676,31
1627545692,22
1627545698,12
1627545709,21
1627545720,26
1627545725,0
1627545752,41
1627545757,43
1627545763,31
1627545768,20
1627545790,11
1627545796,2
1627545801,0
1627545807,0
1627545812,1
1627545817,44
1627545823,47
1627545833,39
1627545850,30
1627545860,24
1627545866,24
1627545871,27
1627545882,12
1627545893,23
1627545898,27
1627545909,24
1627545920,35
1627545926,23
1627545942,19
1627545953,0
1627545958,0
1627545985,2
1627545992,17
1627546014,41
1627546019,28
1627546025,41
1627546030,45
1627546036,34
1627546046,38
1627546079,27
1627546090,28
1627546106,31
1627546117,47
1627546122,31
1627546133,47
1627546139,46
1627546144,45
1627546160,42
1627546177,0
1627546182,0
1627546193,0
1627546199,0
1627546204,0
1627546214,34
1627546225,27
1627546242,3
1627546247,19
1627546252,20
1627546263,22
1627546269,13
1627546285,0
1627546296,0
1627546301,0
1627546307,0
1627546312,0
1627546318,0
1627546345,14
1627546350,18
1627546361,0
1627546366,40
1627546383,36
1627546388,41
1627546405,26
1627546426,21
1627546432,20
1627546453,31
1627546464,38
1627546475,47
1627546480,52
1627546486,41
1627546491,37
1627546507,46
1627546518,43
1627546535,0
1627546540,0
1627546545,0
1627546551,0
1627546556,0
1627546562,0
1627546567,0
1627546573,0
1627546584,0
1627546589,0
1627546600,3
1627546605,42
1627546611,38
1627546616,47
1627546638,0
1627546643,0
1627546648,41
1627546659,2
1627546665,2
1627546680,2
1627546711,2
1627546720,3
1627546737,5
1627546742,3
1627546748,3
1627546753,5
1627546800,3
1627546877,2
1627546969,2
1627547060,2
1627547066,4
1627547077,5
1627547082,5
1627547088,5
1627547126,4
1627547170,3
1627547201,2
1627547232,2
1627547262,2
1627547287,9
1627547292,5
1627547298,8
1627547314,3
1627547325,6
1627547330,13
1627547352,2
1627547367,2
1627547377,10
1627547383,12
1627547399,5
1627547421,8
1627547432,8
1627547437,8
1627547454,11
1627547459,2
1627547470,5
1627547475,7
1627547481,7
1627547492,8
1627547497,8
1627547503,10
1627547519,10
1627547524,13
1627547530,12
1627547535,10
1627547551,8
1627547557,10
1627547562,0
1627547568,2
1627547579,2
1627547600,10
1627547606,7
1627547611,6
1627547619,2
1627547640,7
1627547702,2
1627547733,2
1627547781,3
1627547794,6
1627547809,9
1627547825,12
1627547887,2
1627547902,3
1627547948,2
1627547964,2
1627547994,3
1627548025,2
1627548087,3
1627548102,2
1627548118,2
1627548164,3
1627548179,3
1627548195,2
1627548210,2
1627548241,2
1627548287,2
1627548303,2
1627548334,2
1627548395,2
1627548411,3
1627548457,3
1627548472,3
1627548488,3
1627548519,2
1627548565,2
1627548581,2
1627548611,2
1627548627,2
1627548642,3
1627548657,2
1627548750,3
1627548796,2
1627548827,2
1627548843,3
1627548858,2
1627548889,2
1627548904,2
1627548950,2
1627548997,2
1627549028,2
1627549043,2
1627549058,2
1627549074,2
1627549090,2
1627549136,2
1627549151,2
1627549167,2
1627549182,2
1627549321,2
1627549336,2
1627549352,2
1627549398,2
1627549444,2
1627549460,2
1627549475,2
1627549521,2
1627549537,2
1627549552,2
1627549645,2
1627549691,2
1627549706,2
1627549722,2
1627549737,2
1627549845,2
1627549876,2
1627549892,2
1627549907,2
1627549953,2
1627549969,2
1627549984,2
1627550015,2
1627550061,2
1627550077,2
1627550092,2
1627550123,2
1627550138,2
1627550185,2
1627550200,2
1627550216,2
1627550246,2
1627550262,2
1627550293,2
1627550308,2
1627550323,2
1627550354,2
1627550385,2
1627550431,2
1627550447,2
1627550462,2
1627550478,2
1627550524,2
1627550539,2
1627550570,2
1627550585,2
1627550601,2
1627550647,2
1627550663,2
1627550709,2
1627550755,2
1627550771,2
1627550802,2
1627550833,2
1627550925,2
1627550940,2
1627550956,2
1627550971,2
1627550987,2
1627551018,2
1627551048,2
1627551064,2
1627551079,2
1627551095,2
1627551110,2
1627551141,2
1627551172,2
1627551187,2
1627551249,2
1627551265,2
1627551326,2
1627551342,2
1627551357,2
1627551373,2
1627551403,2
1627551465,2
1627551496,2
1627551511,2
1627551527,2
1627551558,2
1627551573,2
1627551589,2
1627551604,1
1627551620,1
1627551635,1
1627551697,1
1627551743,1
1627551759,1
1627551820,1
1627551836,1
1627551898,1
1627551913,1
1627552006,2
1627552021,2
1627552036,2
1627552067,2
1627552083,1
1627552145,1
1627552191,1
1627552237,1
1627552253,1
1627552268,1
1627552299,1
1627552330,1
1627552407,1
1627552453,1
1627552469,2
1627552499,2
1627552592,2
1627552608,2
1627552623,2
1627552669,2
1627552700,2
1627552731,2
1627552793,2
1627552808,2
1627552824,2
1627552854,2
1627552901,2
1627552916,2
1627552978,2
1627553009,1
1627553055,1
1627553101,2
1627553117,2
1627553132,2
1627553178,1
1627553194,1
1627553225,3
1627553256,1
1627553286,2
1627553302,2
1627553317,2
1627553379,2
1627553410,2
1627553425,2
1627553441,2
1627553456,2
1627553472,2
1627553487,2
1627553502,2
1627553518,2
1627553544,7
1627553560,3
1627553566,4
1627553571,11
1627553576,1
1627553582,6
1627553593,5
1627553598,3
1627553609,2
1627553614,4
1627553620,2
1627553635,2
1627553651,2
1627553681,2
1627553697,2
1627553712,2
1627553728,2
1627553743,2
1627553759,2
1627553790,2
1627553805,2
1627553820,2
1627553836,2
1627553851,2
1627553867,8
1627553898,8
1627553913,1
1627553928,2
1627553944,2
1627554036,2
1627554052,2
1627554083,2
1627554094,2
1627554099,2
1627554110,8
1627554116,5
1627554121,3
1627554127,4
1627554132,7
1627554138,2
1627554143,2
1627554165,5
1627554181,7
1627554187,10
1627554192,6
1627554219,3
1627554225,0
1627554246,2
1627554277,2
1627554288,2
1627554315,3
1627554419,2
1627554465,2
1627554470,7
1627554476,7
1627554481,2
1627554512,1
1627554543,1
1627554558,1
1627554574,1
1627554584,5
1627554589,2
1627554595,4
1627554600,2
1627554611,12
1627554633,38
1627554643,2
1627554649,9
1627554654,0
1627554676,1
1627554702,1
1627554718,1
1627554733,1
1627554740,7
1627554746,22
1627554751,21
1627554756,0
1627554767,18
1627554773,28
1627554784,30
1627554794,0
1627554802,29
1627554805,39
1627554811,33
1627554816,34
1627554822,26
1627554838,12
1627554849,3
1627554860,7
1627554887,2
1627554910,7
1627554910,12
1627554910,31
1627554919,0
1627554941,1
1627554947,0
1627554952,0
1627554957,0
1627554968,3
1627554974,3
1627554993,5
1627554995,13
1627555006,15
1627555017,9
1627555028,8
1627555033,2
1627555049,0
1627555066,14
1627555082,13
1627555093,1
1627555098,1
1627555103,1
1627555109,1
1627555114,2
1627555130,2
1627555187,9
1627555192,2
1627555203,25
1627555208,2
1627555214,11
1627555219,26
1627555225,26
1627555257,19
1627555268,21
1627555279,18
1627555290,1
1627555338,2
1627555349,11
1627555371,5
1627555377,4
1627555382,11
1627555387,3
1627555398,8
1627555404,10
1627555425,3
1627555431,3
1627555436,1
1627555447,0
1627555480,7
1627555496,11
1627555507,9
1627555529,11
1627555534,9
1627555539,0
1627555545,10
1627555550,5
1627555566,4
1627555572,11
1627555583,2
1627555599,13
1627555604,0
1627555610,8
1627555615,10
1627555632,6
1627555637,6
1627555643,14
1627555648,6
1627555659,7
1627555664,0
1627555675,6
1627555681,3
1627555686,3
1627555697,10
1627555702,4
1627555708,5
1627555713,9
1627555719,11
1627555724,8
1627555740,8
1627555746,0
1627555756,4
1627555767,8
1627555794,5
1627555805,5
1627555811,0
1627555816,5
1627555838,5
1627555843,13
1627555854,10
1627555887,6
1627555892,10
1627555903,4
1627555908,9
1627555930,14
1627555935,13
1627555941,8
1627555946,12
1627555952,14
1627555973,3
1627555979,7
1627555984,13
1627555990,7
1627555995,7
1627556011,5
1627556017,1
1627556038,0
1627556055,16
1627556098,0
1627556104,0
1627556125,8
1627556131,8
1627556136,0
1627556142,6
1627556147,7
1627556163,2
1627556180,3
1627556185,2
1627556196,2
1627556217,2
1627556252,9
1627556257,4
1627556274,5
1627556284,3
1627556290,3
1627556295,0
1627556382,1
1627556393,4
1627556398,0
1627556414,12
1627556420,1
1627556430,4
1627556441,6
1627556463,6
1627556469,4
1627556474,5
1627556479,0
1627556496,4
1627556517,2
1627556545,3
1627556550,3
1627558068,19
1627558079,14
1627558084,0
1627558095,25
1627558102,22
1627558106,15
1627558111,33
1627558133,2
1627559799,0
1627559810,22
1627559821,12
1627559837,15
1627559895,2
1627559916,19
1627559922,18
1627559927,18
1627559938,9
1627559943,13
1627559949,8
1627559954,0
1627559970,2
1627559987,32
1627559992,32
1627559998,20
1627560009,0
1627560019,7
1627560036,2
1627560041,5
1627560047,6
1627560052,2
1627560063,2
1627560074,2
1627560089,2
1627560120,2
1627560135,2
1627560182,2
1627560197,2
1627560213,2
1627560259,2
1627560274,2
1627560301,2
1627560334,7
1627560339,2
1627560345,2
1627560477,0
1627560507,0
1627560538,0
1627563961,3
1627563966,2
1627563971,2
1627563977,2
1627564008,2
1627564023,2
1627564039,2
1627564054,2
1627564085,2
1627564100,2
1627564147,2
1627564178,2
1627564286,2
1627564301,2
1627564317,2
1627564332,2
1627564347,2
1627564363,2
1627564425,2
1627564456,2
1627564487,2
1627564517,2
1627564533,2
1627564548,2
1627564564,2
1627564579,2
1627564594,2
1627564610,2
1627564625,2
1627564641,2
1627564656,2
1627564691,2
1627564703,16
1627564722,7
1627564726,6
1627564737,10
1627564744,3
1627564755,6
1627564760,3
1627564766,2
1627564797,2
1627564828,2
1627564843,2
1627564897,2
1627564908,2
1627564985,2
1627565001,2
1627565016,7
1627565027,10
1627565032,6
1627565048,7
1627565054,7
1627565059,0
1627565081,23
1627565092,20
1627565098,13
1627565103,12
1627565114,14
1627565119,13
1627565125,12
1627565160,7
1627565177,2
1627565238,2
1627565300,2
1627565319,2
1627565351,45
1627565362,17
1627565368,47
1627565373,1
1627565384,20
1627565389,12
1627565395,43
1627565400,53
1627565417,49
1627565422,54
1627565433,18
1627565465,7
1627565533,30
1627565543,16
1627565554,2
1627565576,0
1627565587,29
1627565592,29
1627565598,33
1627565603,41
1627565614,11
1627565620,33
1627565642,2
1627565700,27
1627565705,2
1627565711,33
1627565727,34
1627565743,22
1627565754,0
1627565760,0
1627565781,0
1627565787,0
1627565798,3
1627565808,4
1627565847,17
1627565868,0
1627565907,41
1627565912,10
1627565923,0
1627565928,0
1627565934,27
1627565945,6
1627565955,29
1627565961,0
1627565988,34
1627565999,0
1627566021,31
1627566032,0
1627566048,50
1627566054,53
1627566075,0
1627566092,2
1627566102,2
1627566108,2
1627566123,2
1627566175,10
1627566181,29
1627566186,30
1627566191,33
1627566197,48
1627566208,50
1627566213,39
1627566224,40
1627566284,19
1627566289,0
1627566295,30
1627566328,0
1627566333,0
1627566344,0
1627566371,23
1627566377,25
1627566382,0
1627566387,0
1627566393,0
1627566398,2
1627566410,1
1627566416,0
1627566442,37
1627566453,35
1627566458,46
1627566469,42
1627566475,32
1627566480,14
1627566502,4
1627566507,0
1627566518,45
1627566524,15
1627566529,2
1627566535,11
1627566546,45
1627566557,0
1627566562,0
1627566573,10
1627566589,27
1627566616,2
1627566627,18
1627566633,18
1627566644,26
1627566649,37
1627566660,18
1627566676,0
1627566687,9
1627566698,4
1627566703,9
1627566714,6
1627566730,3
1627566758,15
1627566763,14
1627566769,17
1627566774,20
1627566785,18
1627566797,23
1627566808,0
1627566823,0
1627566836,0
1627566852,0
1627566865,0
1627566878,0
1627566883,0
1627566888,0
1627566922,16
1627566923,16
1627566987,2
1627566989,2
1627566989,2
1627567003,2
1627568033,3
1627568064,2
1627568079,2
1627568126,2
1627568156,2
1627568188,2
1627568265,3
1627568280,4
1627568342,2
1627568404,2
1627568466,2
1627568481,2
1627568512,2
1627568558,2
1627568571,9
1627568591,0
1627568592,5
1627568597,5
1627568651,4
1627568685,1
1627568809,2
1627568824,2
1627568855,2
1627568886,2
1627568901,2
1627568932,5
1627568948,6
1627568963,6
1627568994,2
1627569025,2
1627569083,2
1627569175,2
1627569175,4
1627569175,1
1627569177,2
1627569191,2
1627569243,2
1627569265,2
1627569356,10
1627569356,24
1627569356,2
1627569357,2
1627569381,27
1627569381,15
1627569381,22
1627569392,0
1627569403,0
1627569414,0
1627569430,5
1627569452,4
1627569463,3
1627569469,8
1627569474,7
1627569480,0
1627569496,2
1627569501,15
1627569507,0
1627569528,5
1627569534,10
1627569539,7
1627569561,2
1627569567,2
1627569572,0
1627569583,0
1627569589,14
1627569605,0
1627569615,0
1627569626,8
1627569632,22
1627569637,7
1627569648,2
1627569664,2
1627569679,2
1627569710,2
1627569725,2
1627569731,11
1627569737,8
1627569742,9
1627569758,19
1627569764,28
1627569791,2
1627569796,2
1627569807,2
1627569813,17
1627569818,9
1627569823,24
1627569856,0
1627569867,32
1627569878,30
1627569883,16
1627569905,0
1627569921,19
1627569927,0
1627569938,35
1627569943,25
1627569949,26
1627569954,10
1627569965,3
1627569976,3
1627569986,18
1627569992,12
1627570003,7
1627570008,0
1627570014,0
1627570025,0
1627570030,20
1627570036,1
1627570041,0
1627570052,22
1627570057,14
1627570073,18
1627570090,2
1627570101,0
1627570106,2
1627570112,2
1627570126,18
1627570132,21
1627570143,36
1627570154,26
1627570165,23
1627570175,20
1627570192,8
1627570208,11
1627570225,0
1627570230,3
1627570241,0
1627570246,0
1627570252,0
1627570263,0
1627570274,2
1627570279,2
1627570301,2
1627570317,44
1627570323,23
1627570328,13
1627570361,0
1627570372,0
1627570377,24
1627570394,19
1627570399,4
1627570404,3
1627570410,0
1627570432,12
1627570453,5
1627570459,0
1627570464,0
1627570475,1
1627570481,2
1627570497,3
1627570503,0
1627570508,2
1627570519,2
1627570547,2
1627570572,1
1627570629,2
1627570644,2
1627570675,2
1627570691,2
1627570706,2
1627570722,2
1627570773,10
1627570784,4
1627570795,6
1627570800,8
1627570818,2
1627570824,4
1627570829,2
1627575640,2
1627575686,2
1627575748,2
1627575779,2
1627575794,2
1627575825,2
1627575891,3
1627575933,2
1627575949,2
1627575980,5
1627575990,3
1627576002,6
1627576008,4
1627576044,2
1627576059,2
1627576087,7
1627576092,3
1627576097,8
1627576103,2
1627576108,2
1627576129,2
1627576160,3
1627576171,2
1627576186,2
1627576202,2
1627576233,2
1627576248,2
1627576279,2
1627576291,3
1627576301,5
1627576307,7
1627576312,20
1627576323,2
1627576329,18
1627576350,2
1627576361,2
1627576382,2
1627576396,9
1627576412,25
1627576418,0
1627576440,15
1627576503,0
1627576508,14
1627576514,0
1627576519,27
1627576530,23
1627576541,17
1627576547,0
1627576557,22
1627576601,0
1627576617,2
1627576655,26
1627576671,39
1627576677,32
1627576682,18
1627576693,0
1627576698,0
1627576704,0
1627576709,18
1627576720,37
1627576747,2
1627576763,14
1627576779,45
1627576801,0
1627576823,37
1627576828,40
1627576839,21
1627576845,18
1627576850,39
1627576856,0
1627576861,0
1627576866,1
1627576872,10
1627576894,27
1627576899,10
1627576949,4
1627576964,2
1627577036,2
1627577047,6
1627577053,5
1627577069,5
1627577106,2
1627577121,2
1627577136,2
1627577158,5
1627577163,10
1627577175,6
1627577191,5
1627577213,5
1627577224,4
1627577229,2
1627577235,11
1627577252,2
1627577278,15
1627577294,2
1627577309,2
1627577340,2
1627577355,2
1627577402,2
1627577464,3
1627577479,4
1627577541,2
1627577618,2
1627577649,2
1627577680,2
1627577726,2
1627577757,2
1627577772,2
1627577788,2
1627577803,2
1627577819,2
1627577849,2
1627577911,2
1627577927,2
1627577942,2
1627577958,2
1627577973,2
1627578019,2
1627578066,2
1627578081,2
1627578096,2
1627578158,2
1627578251,2
1627578266,2
1627578281,2
1627578297,2
1627578343,2
1627578390,2
1627578420,2
1627578436,2
1627578451,2
1627578482,2
1627578513,2
1627578544,2
1627578605,2
1627578621,2
1627578652,2
1627578683,2
1627578698,1
1627578729,1
1627578744,2
1627578822,2
1627578868,2
1627578883,2
1627578899,2
1627578946,3
1627578978,2
1627579008,2
1627579024,2
1627579039,2
1627579085,2
1627579101,2
1627579147,2
1627579193,2
1627579226,5
1627579231,4
1627579237,3
1627579242,3
1627579248,3
1627579253,3
1627579259,3
1627579264,3
1627579318,2
1627579324,3
1627579335,2
1627579340,4
1627579371,3
1627579386,3
1627579417,2
1627579433,2
1627579464,2
1627579479,2
1627579495,2
1627579587,2
1627579627,11
1627579638,3
1627579644,3
1627579655,14
1627579660,2
1627579677,2
1627579760,6
1627579766,2
1627579798,1
1627579804,4
1627579809,31
1627579831,0
1627579837,0
1627579847,1
1627579858,17
1627579864,15
1627579875,22
1627579880,25
1627579891,25
1627579896,15
1627579902,8
1627579907,25
1627579912,11
1627579924,35
1627579934,10
1627579940,8
1627579945,23
1627579967,17
1627579972,4
1627579978,7
1627579983,13
1627579988,5
1627580016,0
1627580027,2
1627580058,20
1627580069,12
1627580080,4
1627580085,10
1627580113,21
1627580118,30
1627580134,5
1627580140,0
1627580161,0
1627580183,30
1627580210,4
1627580215,2
1627580227,8
1627580232,3
1627580253,2
1627580346,2
1627580362,2
1627580427,2
1627580504,2
1627580520,2
1627580551,2
1627580581,7
1627580586,7
1627580597,0
1627580608,3
1627580613,2
1627580629,10
1627580644,1
1627580660,2
1627580691,2
1627580721,2
1627580737,2
1627580767,14
1627580772,8
1627580794,0
1627580803,8
1627580813,2
1627585362,2
1627585377,2
1627585408,2
1627585424,2
1627585454,2
1627585485,2
1627585500,2
1627585516,2
1627585532,2
1627585571,2
1627585587,2
1627585602,2
1627585617,2
1627585633,2
1627585648,2
1627585664,2
1627585679,2
1627585695,2
1627585710,2
1627585726,2
1627585756,2
1627585787,2
1627585818,2
1627585849,2
1627585880,2
1627585895,2
1627585926,2
1627586034,2
1627586049,2
1627586080,1
1627586085,5
1627586104,7
1627586142,4
1627586174,2
1627586205,2
1627586266,12
1627586282,0
1627586288,2
1627586293,2
1627586299,2
1627586329,2
1627586345,2
1627586386,9
1627586392,7
1627586405,6
1627586411,4
1627586416,4
1627586422,6
1627586474,2
1627586523,2
1627586552,6
1627586563,7
1627586569,9
1627586574,13
1627586607,9
1627586618,4
1627586634,0
1627586639,0
1627586650,14
1627586661,0
1627586666,29
1627586677,48
1627586683,27
1627586715,3
1627586732,2
1627586737,2
1627586743,2
1627586748,7
1627586759,30
1627586770,15
1627586786,28
1627586792,16
1627586797,39
1627586819,0
1627586830,36
1627586846,46
1627586852,49
1627586868,48
1627586873,46
1627586901,11
1627586917,8
1627586934,3
1627586939,16
1627586983,29
1627586999,10
1627587010,28
1627587021,16
1627587031,16
1627587037,15
1627587053,24
1627587059,22
1627587064,7
1627587069,0
1627587086,16
1627587102,21
1627587107,23
1627587118,24
1627587124,31
1627587129,30
1627587140,16
1627587145,13
1627587156,17
1627587162,20
1627587189,17
1627587205,28
1627587216,26
1627587227,0
1627587243,0
1627587248,3
1627587259,2
1627587265,2
1627587270,2
1627587286,5
1627587296,39
1627587307,41
1627587313,34
1627587318,41
1627587335,37
1627587357,43
1627587378,34
1627587384,30
1627587389,24
1627587395,20
1627587400,19
1627587406,28
1627587411,31
1627587416,31
1627587438,44
1627587449,27
1627587460,0
1627587466,0
1627587515,32
1627587531,32
1627587536,17
1627587542,20
1627587553,14
1627587575,13
1627587585,0
1627587596,0
1627587602,0
1627587613,0
1627587624,3
1627587644,2
1627587669,24
1627587675,22
1627587680,0
1627587686,39
1627587697,30
1627587729,16
1627587735,11
1627587740,12
1627587773,0
1627587778,19
1627587789,26
1627587794,39
1627587805,33
1627587822,0
1627587843,41
1627587854,38
1627587859,38
1627587865,40
1627587870,42
1627587881,0
1627587898,0
1627587903,0
1627587908,0
1627587920,0
1627587925,0
1627587930,0
1627587952,1
1627587963,25
1627587968,0
1627587974,0
1627587979,0
1627588012,10
1627588028,4
1627588044,2
1627588060,2
1627588075,2
1627588106,2
1627588117,1
1627588145,5
1627588150,14
1627588156,0
1627588177,12
1627588183,4
1627588194,6
1627588199,14
1627588221,15
1627588237,7
1627588248,7
1627588253,8
1627588265,9
1627588270,13
1627588292,7
1627588297,9
1627588303,8
1627588314,3
1627588319,0
1627588324,1
1627588330,3
1627588341,7
1627588357,19
1627588363,38
1627588368,4
1627588374,0
1627588389,2
1627588451,2
1627588497,2
1627588528,2
1627588543,2
1627588559,2
1627588574,2
1627588590,2
1627588651,2
1627588682,2
1627588698,2
1627588748,6
1627588764,5
1627588795,2
1627588825,9
1627588840,10
1627588856,1
1627588871,2
1627588902,2
1627588948,1
1627588979,2
1627589025,2
1627589087,2
1627589118,2
1627589164,2
1627589180,2
1627589195,1
1627589211,2
1627589272,2
1627589303,1
1627589319,2
1627589334,2
1627589411,2
1627589442,1
1627589535,2
1627589550,1
1627589566,2
1627589581,2
1627589628,2
1627589643,1
1627589658,1
1627589674,2
1627589705,1
1627589720,2
1627589736,2
1627589797,1
1627589828,2
1627589843,1
1627589859,1
1627589921,2
1627589983,2
1627589998,2
1627590122,2
1627590183,2
1627590199,3
1627590214,1
1627590230,2
1627590261,2
1627590292,2
1627590307,2
1627590353,2
1627590369,2
1627590384,3
1627590415,2
1627590446,3
1627590462,1
1627590524,2
1627590555,2
1627590570,3
1627590601,2
1627590616,1
1627590632,2
1627590647,2
1627590678,1
1627590694,2
1627590709,1
1627590724,2
1627590771,2
1627590802,2
1627590863,1
1627590879,1
1627590956,2
1627590971,1
1627591018,1
1627591033,2
1627591064,1
1627591095,2
1627591126,2
1627591157,2
1627591172,2
1627591188,2
1627591203,2
1627591234,2
1627591265,1
1627591280,1
1627591296,2
1627591342,2
1627591404,2
1627591466,1
1627591527,1
1627591574,1
1627591620,2
1627591635,2
1627591651,2
1627591713,2
1627591759,2
1627591790,1
1627591836,3
1627591852,2
1627591867,2
1627591883,1
1627591898,3
1627591914,2
1627591929,2
1627591945,2
1627591991,2
1627592022,2
1627592068,2
1627592084,2
1627592114,2
1627592182,3
1627592188,7
1627592199,4
1627592204,4
1627592215,7
1627592220,5
1627592226,3
1627592248,4
1627592253,6
1627592269,3
1627592286,0
1627592291,3
1627592307,2
1627592329,3
1627592356,2
1627592373,3
1627592378,2
1627592383,2
1627592389,2
1627592420,2
1627592451,2
1627592512,2
1627592528,2
1627592559,2
1627592574,2
1627592651,2
1627592667,2
1627592759,2
1627592806,10
1627592867,2
1627592898,2
1627592914,1
1627592945,2
1627592960,2
1627592978,5
1627592994,9
1627593005,2
1627593010,6
1627593016,6
1627593021,5
1627593043,6
1627593043,1
1627593053,1
1627593068,1
1627593084,2
1627593128,9
1627593133,4
1627593144,10
1627593155,0
1627593160,29
1627593166,1
1627593177,20
1627593188,21
1627593193,0
1627593199,0
1627593204,0
1627593210,2
1627593221,2
1627593237,2
1627593263,9
1627593268,1
1627593273,26
1627593284,21
1627593290,29
1627593295,29
1627593300,30
1627593306,36
1627593311,33
1627593317,30
1627593355,6
1627593360,0
1627593366,0
1627593387,17
1627593393,18
1627593398,4
1627593420,14
1627593431,9
1627593463,0
1627593474,16
1627593480,26
1627593496,12
1627593502,13
1627593507,20
1627593518,14
1627593523,12
1627593541,14
1627593546,14
1627593556,14
1627593561,14
1627593567,15
1627593578,10
1627593583,10
1627593600,20
1627593616,23
1627593621,25
1627593627,25
1627593632,25
1627593638,16
1627593643,0
1627593654,0
1627593659,0
1627593681,11
1627593697,13
1627593703,15
1627593714,8
1627593730,11
1627593747,8
1627593768,29
1627593774,38
1627593785,24
1627593790,1
1627593801,18
1627593806,11
1627593812,23
1627593817,10
1627593844,4
1627593850,9
1627593855,16
1627593861,13
1627593866,11
1627593877,12
1627593915,9
1627593931,13
1627593937,11
1627593942,19
1627593986,14
1627593992,11
1627593997,9
1627594002,14
1627594008,9
1627594013,14
1627594030,4
1627594040,5
1627594057,17
1627594062,22
1627594068,22
1627594106,13
1627594122,16
1627594128,0
1627594133,0
1627594166,2
1627594177,2
1627594208,17
1627594214,1
1627594219,3
1627594225,14
1627594235,19
1627594246,0
1627594257,2
1627594263,2
1627594299,27
1627594310,16
1627594315,0
1627594321,0
1627594332,0
1627594343,5
1627594348,2
1627594354,2
1627594359,2
1627594374,1
1627594390,1
1627594405,2
1627594416,4
1627594422,2
1627594474,2
1627594520,2
1627594537,2
1627594551,2
1627594566,1
1627594582,2
1627594628,2
1627594639,4
1627594644,0
1627594660,2
1627594677,5
1627594682,4
1627598836,4
1627598842,3
1627598848,5
1627598858,2
1627598863,2
1627598899,2
1627598915,2
1627599023,2
1627599100,2
1627599116,2
1627599162,2
1627599178,2
1627599193,2
1627599209,2
1627599240,2
1627599270,2
1627599286,2
1627599301,3
1627599332,3
1627599348,3
1627599379,2
1627599487,2
1627599498,5
1627599510,3
1627599526,9
1627599531,9
1627599537,9
1627599549,9
1627599570,2
1627599601,2
1627599616,2
1627599631,2
1627599663,9
1627599669,0
1627599674,2
1627599679,2
1627599685,3
1627599700,2
1627599716,2
1627599734,7
1627599745,8
1627599751,3
1627599756,6
1627599767,6
1627599772,8
1627599778,8
1627599804,2
1627599819,2
1627599835,2
1627599866,2
1627599874,9
1627599884,0
1627599895,3
1627599912,19
1627599917,12
1627599934,0
1627599955,0
1627599961,22
1627600004,0
1627600009,0
1627600015,0
1627600026,2
1627600031,2
1627600055,22
1627600071,32
1627600082,18
1627600098,43
1627600104,27
1627600109,0
1627600120,33
1627600131,29
1627600142,42
1627600147,0
1627600158,47
1627600169,30
1627600174,19
1627600180,0
1627600191,0
1627600201,19
1627600212,26
1627600223,10
1627600234,0
1627600245,38
1627600256,27
1627600261,18
1627600267,14
1627600272,19
1627600278,4
1627600283,18
1627600305,24
1627600310,18
1627600321,8
1627600338,5
1627600344,3
1627600359,14
1627600370,8
1627600376,8
1627600387,28
1627600425,20
1627600430,6
1627600436,16
1627600447,23
1627600458,23
1627600468,25
1627600474,30
1627600485,26
1627600507,0
1627600518,0
1627600523,0
1627600528,0
1627600534,2
1627600539,2
1627600545,2
1627600550,2
1627600556,19
1627600561,24
1627600566,31
1627600583,38
1627600594,30
1627600610,36
1627600621,39
1627600626,37
1627600634,42
1627600637,43
1627600653,31
1627600675,46
1627600686,44
1627600691,49
1627600702,47
1627600708,46
1627600713,46
1627600719,45
1627600724,0
1627600730,0
1627600746,0
1627600757,0
1627600768,3
1627600784,28
1627600795,17
1627600800,22
1627600816,0
1627600822,11
1627600827,22
1627600833,8
1627600844,4
1627600849,10
1627600855,1
1627600861,0
1627600866,0
1627600877,0
1627600882,3
1627600893,2
1627600904,3
1627600958,14
1627600980,14
1627600985,23
1627600991,0
1627601001,0
1627601007,34
1627601029,0
1627601056,17
1627601061,0
1627601067,0
1627601072,0
1627601083,27
1627601094,23
1627601105,41
1627601110,37
1627601149,42
1627601154,41
1627601159,39
1627601165,40
1627601170,41
1627601175,0
1627601181,0
1627601186,0
1627601197,0
1627601213,0
1627601219,0
1627601224,0
1627601230,3
1627601236,2
1627601241,2
1627601261,12
1627601288,40
1627601304,32
1627601315,20
1627601321,20
1627601326,11
1627601331,0
1627601337,0
1627601348,2
1627601369,6
1627601375,3
1627601386,15
1627601402,19
1627601407,3
1627601424,2
1627601455,2
1627601466,0
1627601471,26
1627601477,24
1627601487,9
1627601493,8
1627601498,0
1627601515,15
1627601520,3
1627601526,8
1627601531,6
1627601537,17
1627601553,3
1627601558,13
1627601596,8
1627601602,11
1627601607,9
1627601624,9
1627601629,0
1627601640,15
1627601651,18
1627601656,13
1627601667,0
1627601673,11
1627601678,8
1627601690,7
1627601743,2
1627601789,2
1627601836,2
1627601867,2
1627601882,2
1627601913,2
1627601929,2
1627601944,2
1627601959,2
1627601990,2
1627602036,2
1627602052,2
1627602067,2
1627602083,2
1627602089,6
1627602111,2
1627602132,2
1627602147,2
1627602178,2
1627602225,2
1627602271,2
1627602302,2
1627602317,3
1627602379,2
1627602425,2
1627602441,2
1627602472,2
1627602518,3
1627602534,2
1627602549,3
1627602564,3
1627602611,2
1627602626,2
1627602657,2
1627602703,2
1627602719,2
1627602734,2
1627602750,2
1627602780,3
1627602796,2
1627602811,2
1627602827,2
1627602842,1
1627602889,1
1627602950,2
1627602966,3
1627603012,3
1627603028,2
1627603058,2
1627603074,1
1627603120,2
1627603151,2
1627603166,2
1627603182,2
1627603197,2
1627603213,2
1627603259,2
1627603290,2
1627603321,2
1627603336,2
1627603367,2
1627603398,2
1627603414,2
1627603460,2
1627603475,2
1627603491,2
1627603506,2
1627603521,2
1627603537,2
1627603552,2
1627603568,2
1627603583,2
1627603599,2
1627603614,2
1627603660,2
1627603691,2
1627603706,2
1627603753,2
1627603784,2
1627603799,2
1627603815,2
1627603877,2
1627603954,3
1627603969,2
1627603985,2
1627604000,2
1627604016,2
1627604031,2
1627604062,2
1627604077,2
1627604108,2
1627604124,2
1627604155,9
1627604166,6
1627604193,6
1627604199,6
1627604215,5
1627604264,7
1627604269,5
1627604275,4
1627604280,8
1627604286,4
1627604302,5
1627604349,2
1627604411,2
1627604427,2
1627604448,6
1627604453,2
1627604464,2
1627604498,2
1627604529,2
1627604544,2
1627604560,2
1627604590,2
1627604606,2
1627604698,2
1627604714,2
1627604775,2
1627604806,2
1627604837,2
1627604852,2
1627604868,7
1627604885,6
1627604890,4
1627604896,5
1627604923,1
1627604969,2
1627604985,2
1627605000,2
1627605015,2
1627605093,2
1627605108,2
1627605123,2
1627605154,2
1627605185,20
1627605201,7
1627605247,2
1627605262,2
1627605278,2
1627605293,2
1627605324,2
1627605370,2
1627605386,2
1627605401,1
1627605432,1
1627605461,6
1627605483,5
1627605488,0
1627605514,2
1627605545,2
1627605570,2
1627605585,2
1627605595,9
1627605601,17
1627605611,31
1627605617,40
1627605622,24
1627605633,18
1627605649,1
1627605660,2
1627605691,2
1627605722,2
1627605738,3
1627605749,10
1627605755,26
1627605771,25
1627605776,34
1627605782,39
1627605793,27
1627605803,24
1627605809,17
1627605836,3
1627605841,0
1627605852,12
1627605858,11
1627605863,6
1627605890,21
1627605901,17
1627605918,15
1627605923,18
1627605928,12
1627605939,8
1627605945,0
1627605950,11
1627605961,18
1627605983,17
1627605988,16
1627605993,24
1627605999,22
1627606010,11
1627606026,18
1627606059,7
1627606064,17
1627606075,13
1627606091,24
1627606097,25
1627606108,23
1627606118,0
1627606135,0
1627606146,6
1627606151,17
1627606178,14
1627606184,2
1627606189,16
1627606200,8
1627606222,9
1627606243,0
1627606260,2
1627606269,10
1627606306,29
1627606312,5
1627606334,15
1627606339,16
1627606344,5
1627606350,14
1627606355,13
1627606361,15
1627606366,7
1627606372,17
1627606377,7
1627606388,8
1627606394,19
1627606410,12
1627606415,11
1627606420,15
1627606426,11
1627606431,9
1627606442,9
1627606459,8
1627606464,9
1627606470,14
1627606475,8
1627606480,9
1627606491,13
1627606496,15
1627606502,18
1627606513,13
1627606535,8
1627606540,16
1627606546,8
1627606551,9
1627606556,9
1627606589,8
1627606605,14
1627606611,15
1627606616,15
1627606627,10
1627606632,20
1627606643,14
1627606654,14
1627606659,19
1627606681,0
1627606687,0
1627606692,0
1627606697,7
1627606703,9
1627606708,0
1627606725,33
1627606735,0
1627606741,0
1627606746,5
1627606757,0
1627606763,0
1627606768,0
1627606774,2
1627606785,0
1627606817,2
1627606848,4
1627606864,5
1627606870,2
1627606875,10
1627606881,2
1627606886,2
1627606892,1
1627606933,2
1627606964,2
1627606979,2
1627607010,2
1627607057,2
1627607119,2
1627607134,2
1627607150,2
1627607181,2
1627607212,2
1627607228,2
1627607258,2
1627607288,2
1627607320,2
1627607335,2
1627607350,2
1627607412,2
1627607427,2
1627607474,2
1627607520,2
1627607550,2
1627607566,2
1627607581,2
1627607612,2
1627607674,2
1627607697,2
1627607703,2
1627607719,7
1627607724,7
1627607739,8
1627607748,6
1627607759,5
1627607765,2
1627607792,2
1627607798,9
1627607803,6
1627607846,2
1627607877,2
1627607907,2
1627607954,2
1627607985,2
1627608047,2
1627608071,5
1627608077,4
1627608082,5
1627608087,2
1627608098,15
1627608109,2
1627608141,2
1627608187,2
1627608203,2
1627608233,2
1627608251,9
1627608256,0
1627608267,15
1627608273,3
1627608284,0
1627608294,43
1627608305,17
1627608311,38
1627608333,0
1627608338,14
1627608349,0
1627608360,34
1627608376,0
1627608381,1
1627608387,2
1627608403,34
1627608425,45
1627608436,41
1627608441,8
1627608447,21
1627608452,21
1627608463,24
1627608479,0
1627608521,2
1627608532,2
1627608538,25
1627608560,0
1627608566,21
1627608570,32
1627608576,37
1627608592,29
1627608598,22
1627608603,9
1627608608,18
1627608614,17
1627608625,19
1627608630,14
1627608635,10
1627608652,4
1627608657,0
1627608668,0
1627608673,29
1627608684,15
1627608695,0
1627608701,26
1627608706,24
1627608717,18
1627608733,0
1627608739,2
1627608761,13
1627608772,19
1627608782,47
1627608788,35
1627608799,0
1627608810,0
1627608831,26
1627608842,0
1627608847,0
1627608864,31
1627608880,5
1627608885,19
1627608918,19
1627608923,19
1627608940,19
1627608945,19
1627608956,19
1627608961,21
1627608967,15
1627608972,17
1627608994,42
1627609005,41
1627609011,45
1627609016,15
1627609021,38
1627609027,35
1627609032,31
1627609038,32
1627609043,33
1627609049,45
1627609065,0
1627609070,0
1627609098,0
1627609114,0
1627609119,0
1627609125,0
1627609130,0
1627609136,0
1627609141,17
1627609147,0
1627609157,2
1627609163,0
1627609168,0
1627609179,0
1627609185,0
1627609201,25
1627609212,39
1627609223,35
1627609228,36
1627609266,0
1627609271,0
1627609283,0
1627609315,3
1627609331,24
1627609337,43
1627609348,16
1627609359,5
1627609364,22
1627609369,14
1627609391,0
1627609396,0
1627609402,2
1627609413,2
1627609418,10
1627609424,31
1627609429,43
1627609440,36
1627609456,34
1627609483,23
1627609489,0
1627609500,0
1627609516,0
1627609522,26
1627609538,21
1627609565,40
1627609629,2
1627609644,2
1627609675,2
1627609699,14
1627609710,25
1627609716,33
1627609721,9
1627609737,2
1627609743,2
1627609758,2
1627609763,0
1627609785,9
1627609802,11
1627609807,10
1627609813,2
1627609818,2
1627609824,9
1627609846,12
1627609862,25
1627609878,23
1627609883,0
1627609889,17
1627609905,33
1627609916,13
1627609927,2
1627609932,2
1627609974,2
1627609989,5
1627610000,4
1627610017,3
1627610049,3
1627610055,5
1627610063,5
1627610068,3
1627610088,8
1627610093,6
1627610099,4
1627610110,3
1627610121,2
1627610168,2
1627610198,2
1627610229,2
1627610291,2
1627610322,2
1627610337,2
1627610368,2
1627610384,2
1627610415,2
1627610445,2
1627610492,2
1627610538,2
1627610554,2
1627610569,2
1627610585,2
1627610600,2
1627610631,2
1627610646,2
1627610708,2
1627610723,2
1627610816,2
1627610831,2
1627610847,2
1627610878,2
1627610893,2
1627610924,2
1627610939,2
1627610955,2
1627611001,2
1627611032,9
1627611063,3
1627611078,4
1627611125,1
1627611171,1
1627611187,1
1627611217,1
1627611233,1
1627611264,1
1627611279,1
1627611356,2
1627611387,2
1627611402,2
1627611418,2
1627611542,2
1627611573,2
1627611588,2
1627611604,2
1627611619,2
1627611634,2
1627611650,2
1627611681,2
1627611696,2
1627611712,2
1627611743,2
1627611758,2
1627611774,2
1627611851,1
1627611897,1
1627611959,1
1627611974,1
1627612020,1
1627612036,1
1627612082,1
1627612098,2
1627612129,2
1627612144,2
1627612175,2
1627612190,2
1627612252,2
1627612283,1
1627612314,1
1627612329,1
1627612360,1
1627612391,1
1627612483,1
1627612514,1
1627612545,2
1627612576,1
1627612607,1
1627612622,2
1627612638,1
1627612669,2
1627612777,1
1627612792,1
1627612823,2
1627612839,2
1627612900,1
1627612915,2
1627612962,1
1627612977,1
1627612993,1
1627613024,1
1627613039,1
1627613101,1
1627613116,1
1627613147,2
1627613178,1
1627613193,1
1627613209,1
1627613255,1
1627613271,1
1627613364,1
1627613379,1
1627613394,1
1627613410,1
1627613441,1
1627613456,1
1627613502,2
1627613518,1
1627613533,1
1627613579,2
1627613610,2
1627613672,1
1627613687,1
1627613703,1
1627613718,1
1627613734,1
1627613749,1
1627613811,1
1627613842,1
1627613873,1
1627613888,3
1627613904,4
1627613919,4
1627614042,2
1627614058,2
1627614104,2
1627614151,2
1627614166,2
1627614197,1
1627614212,1
1627614243,1
1627614305,1
1627614320,1
1627614366,1
1627614382,1
1627614397,1
1627614428,1
1627614459,1
1627614474,1
1627614490,2
1627614511,2
1627614526,3
1627614548,2
1627614563,2
1627614578,2
1627614594,2
1627614610,2
1627614625,2
1627614656,2
1627614795,2
1627614825,2
1627614841,2
1627614872,2
1627614887,2
1627614918,2
1627614934,2
1627614980,2
1627615011,2
1627615026,2
1627615057,2
1627615073,2
1627615088,2
1627615104,2
1627615134,2
1627615150,2
1627615166,2
1627615196,2
1627615242,2
1627615273,2
1627615289,2
1627615304,2
1627615319,2
1627615350,2
1627615381,2
1627615397,2
1627615412,2
1627615428,2
1627615458,2
1627615489,2
1627615505,2
1627615520,2
1627615551,2
1627615616,2
1627615628,2
1627615690,2
1627615721,2
1627615737,2
1627615814,2
1627615829,2
1627615845,2
1627615860,2
1627615876,2
1627615891,2
1627615906,2
1627615953,2
1627615999,5
1627616015,2
1627616046,2
1627616076,2
1627616107,2
1627616123,2
1627616169,2
1627616215,2
1627616231,2
1627616277,2
1627616292,2
1627616354,2
1627616370,2
1627616416,2
1627616462,2
1627616478,2
1627616524,2
1627616540,2
1627616601,2
1627616725,2
1627616740,2
1627616756,2
1627616787,2
1627616802,2
1627616833,2
1627616848,2
1627616864,2
1627616879,2
1627616895,2
1627616910,2
1627616941,1
1627616956,2
1627617003,2
1627617018,2
1627617033,2
1627617049,2
1627617126,2
1627617187,2
1627617203,2
1627617249,1
1627617311,1
1627617342,1
1627617357,1
1627617388,2
1627617404,1
1627617419,2
1627617435,2
1627617450,2
1627617481,2
1627617527,2
1627617558,2
1627617574,1
1627617605,2
1627617666,2
1627617697,2
1627617759,2
1627617774,2
1627617821,2
1627617836,2
1627617851,2
1627617867,2
1627617882,2
1627617898,2
1627617913,2
1627617944,2
1627617975,2
1627617990,2
1627618006,2
1627618021,2
1627618067,2
1627618191,2
1627618206,2
1627618222,2
1627618237,2
1627618299,2
1627618329,2
1627618345,2
1627618391,2
1627618438,2
1627618484,2
1627618499,2
1627618546,2
1627618592,5
1627618607,2
1627618685,2
1627618731,2
1627618763,2
1627618811,2
1627618839,2
1627618855,2
1627618886,2
1627618916,2
1627618948,2
1627618978,2
1627619009,2
1627619025,2
1627619040,2
1627619055,2
1627619148,2
1627619210,2
1627619256,2
1627619287,2
1627619318,2
1627619334,2
1627619380,2
1627619395,2
1627619414,2
1627619442,2
1627619457,2
1627619504,2
1627619534,2
1627619611,2
1627619642,2
1627619673,2
1627619689,2
1627619704,2
1627619719,2
1627619735,2
1627619750,2
1627619797,2
1627619812,2
1627619843,2
1627619858,2
1627619920,4
1627619936,5
1627619951,5
1627619997,2
1627620028,3
1627620059,2
1627620090,2
1627620137,2
1627620245,2
1627620260,2
1627620275,2
1627620291,2
1627620322,2
1627620414,2
1627620445,2
1627620461,2
1627620507,2
1627620522,2
1627620538,2
1627620553,2
1627620692,3
1627620739,2
1627620800,2
1627620831,2
1627620847,2
1627620878,2
1627620893,2
1627621001,2
1627621017,2
1627621032,2
1627621156,2
1627621171,2
1627621186,2
1627621202,2
1627621217,2
1627621233,2
1627621248,2
1627621264,2
1627621279,2
1627621295,2
1627621325,2
1627621356,2
1627621371,2
1627621387,2
1627621449,2
1627621464,2
1627621480,2
1627621495,2
1627621557,2
1627621572,2
1627621588,2
1627621619,2
1627621634,2
1627621650,2
1627621665,2
1627621711,2
1627621727,3
1627621742,2
1627621758,2
1627621819,2
1627621835,2
1627621850,2
1627621866,2
1627621912,3
1627621943,4
1627622036,3
1627622113,3
1627622128,3
1627622143,3
1627622159,3
1627622190,2
1627622236,2
1627622313,2
1627622328,2
1627622391,2
1627622406,2
1627622421,2
1627622437,2
1627622452,2
1627622468,2
1627622499,2
1627622545,2
1627622560,2
1627622591,2
1627622653,2
1627622684,2
1627622699,2
1627622730,2
1627622745,2
1627622761,2
1627622807,2
1627622838,2
1627622853,2
1627622900,2
1627622931,2
1627622946,2
1627622977,2
1627623023,2
1627623039,2
1627623069,2
1627623085,2
1627623100,2
1627623116,2
1627623162,2
1627623178,2
1627623193,2
1627623224,2
1627623255,2
1627623285,2
1627623301,2
1627623347,2
1627623363,2
1627623409,2
1627623455,2
1627623471,2
1627623486,2
1627623517,2
1627623548,2
1627623594,2
1627623610,2
1627623625,2
1627623672,2
1627623687,2
1627623718,2
1627623749,2
1627623764,2
1627623795,2
1627623811,3
1627623841,4
1627623857,2
1627623872,2
1627623888,2
1627623903,2
1627623919,2
1627623950,2
1627623965,2
1627624011,2
1627624027,2
1627624042,2
1627624073,2
1627624089,2
1627624120,2
1627624166,2
1627624181,2
1627624197,2
1627624213,2
1627624259,2
1627624274,2
1627624290,2
1627624305,2
1627624320,2
1627624336,2
1627624351,2
1627624413,2
1627624475,2
1627624490,2
